version https://git-lfs.github.com/spec/v1
oid sha256:155dcdc4b3e5b67472fefbdc34ac1aaaff262186a93f5d4938a508548159b80e
size 17923
