idx,branch_name,merge_commit,parent_1,parent_2,notes
62,refs/heads/master,8dea2cb3e38968361ad4a5773f0727b06e3434df,d6a009737b149e6de316f51b771eb13c93149e36,bc7f6dc607c233c6bc62a39471905d98f737b9d8,
192,refs/heads/master,7896b1896dae8251b710373703d94cec3f7c4228,223b112044dc186224d904f8ca24bdfc7f8e6e8c,dfdc30b636ffbd053cfd26cac1c659db7a01a48e,
